Min Matchup Strength,Max EGO Adj,Picking Accuracy
8,8,0.5225
9,8,0.5222
10,8,0.5225
11,8,0.5218
12,8,0.522
13,8,0.522
14,8,0.5231
15,8,0.5234
16,8,0.5231
17,8,0.5229
18,8,0.5231
19,8,0.5231
20,8,0.5236
21,8,0.5236
22,8,0.5238
23,8,0.5243
24,8,0.524
25,8,0.5238
26,8,0.5238
27,8,0.5238
28,8,0.5238
29,8,0.524
30,8,0.524
31,8,0.5238
32,8,0.524
33,8,0.5243
34,8,0.5243
35,8,0.5243
36,8,0.5243
37,8,0.5245
38,8,0.5245
39,8,0.524
8,9,0.522
9,9,0.5225
10,9,0.5227
11,9,0.522
12,9,0.522
13,9,0.5216
14,9,0.5227
15,9,0.5231
16,9,0.5225
17,9,0.5222
18,9,0.5227
19,9,0.5227
20,9,0.5231
21,9,0.5231
22,9,0.5234
23,9,0.5238
24,9,0.5236
25,9,0.5236
26,9,0.5236
27,9,0.5238
28,9,0.5243
29,9,0.5245
30,9,0.524
31,9,0.5238
32,9,0.524
33,9,0.5243
34,9,0.5243
35,9,0.5243
36,9,0.5243
37,9,0.5245
38,9,0.5245
39,9,0.524
8,10,0.5229
9,10,0.5229
10,10,0.5231
11,10,0.5229
12,10,0.5234
13,10,0.5227
14,10,0.5225
15,10,0.5229
16,10,0.5229
17,10,0.5227
18,10,0.5231
19,10,0.5231
20,10,0.5236
21,10,0.5236
22,10,0.5238
23,10,0.524
24,10,0.5238
25,10,0.5238
26,10,0.524
27,10,0.5243
28,10,0.5247
29,10,0.5247
30,10,0.5243
31,10,0.524
32,10,0.524
33,10,0.5243
34,10,0.5243
35,10,0.5243
36,10,0.5243
37,10,0.5245
38,10,0.5245
39,10,0.524
8,11,0.5236
9,11,0.524
10,11,0.5229
11,11,0.5227
12,11,0.5227
13,11,0.5225
14,11,0.5231
15,11,0.5231
16,11,0.5238
17,11,0.5238
18,11,0.5243
19,11,0.5243
20,11,0.5243
21,11,0.5243
22,11,0.524
23,11,0.5243
24,11,0.524
25,11,0.524
26,11,0.5243
27,11,0.5245
28,11,0.5245
29,11,0.5245
30,11,0.524
31,11,0.524
32,11,0.524
33,11,0.5243
34,11,0.5243
35,11,0.5243
36,11,0.5243
37,11,0.5245
38,11,0.5245
39,11,0.524
8,12,0.5238
9,12,0.5243
10,12,0.524
11,12,0.5238
12,12,0.5234
13,12,0.5234
14,12,0.5245
15,12,0.5249
16,12,0.5243
17,12,0.5243
18,12,0.5245
19,12,0.5245
20,12,0.5245
21,12,0.5245
22,12,0.5238
23,12,0.524
24,12,0.524
25,12,0.524
26,12,0.5243
27,12,0.5245
28,12,0.5247
29,12,0.5247
30,12,0.5243
31,12,0.524
32,12,0.524
33,12,0.5243
34,12,0.5243
35,12,0.5243
36,12,0.5243
37,12,0.5245
38,12,0.5245
39,12,0.524
8,13,0.5247
9,13,0.5238
10,13,0.5231
11,13,0.5236
12,13,0.5231
13,13,0.5234
14,13,0.5245
15,13,0.5247
16,13,0.5243
17,13,0.5243
18,13,0.5247
19,13,0.5247
20,13,0.5247
21,13,0.5247
22,13,0.5245
23,13,0.5247
24,13,0.5243
25,13,0.5243
26,13,0.5245
27,13,0.5243
28,13,0.5249
29,13,0.5249
30,13,0.5245
31,13,0.5243
32,13,0.5243
33,13,0.5245
34,13,0.5245
35,13,0.5245
36,13,0.5245
37,13,0.5247
38,13,0.5247
39,13,0.5243
8,14,0.5236
9,14,0.5231
10,14,0.5225
11,14,0.5227
12,14,0.5229
13,14,0.5234
14,14,0.5245
15,14,0.5247
16,14,0.5236
17,14,0.5236
18,14,0.524
19,14,0.524
20,14,0.5245
21,14,0.5247
22,14,0.5245
23,14,0.5247
24,14,0.5243
25,14,0.5245
26,14,0.5247
27,14,0.5245
28,14,0.5249
29,14,0.5249
30,14,0.5243
31,14,0.524
32,14,0.524
33,14,0.5243
34,14,0.5243
35,14,0.5245
36,14,0.5245
37,14,0.5247
38,14,0.5247
39,14,0.5243
8,15,0.5238
9,15,0.5231
10,15,0.5222
11,15,0.522
12,15,0.5222
13,15,0.5227
14,15,0.5238
15,15,0.524
16,15,0.524
17,15,0.524
18,15,0.5245
19,15,0.5245
20,15,0.5245
21,15,0.5243
22,15,0.5245
23,15,0.5247
24,15,0.5243
25,15,0.5245
26,15,0.5247
27,15,0.5245
28,15,0.5252
29,15,0.5252
30,15,0.5247
31,15,0.5247
32,15,0.5247
33,15,0.5247
34,15,0.5247
35,15,0.5245
36,15,0.5245
37,15,0.5247
38,15,0.5247
39,15,0.5243
8,16,0.5236
9,16,0.524
10,16,0.5227
11,16,0.5222
12,16,0.5225
13,16,0.5229
14,16,0.5243
15,16,0.5247
16,16,0.524
17,16,0.524
18,16,0.5245
19,16,0.5245
20,16,0.5245
21,16,0.5243
22,16,0.5243
23,16,0.5245
24,16,0.5243
25,16,0.5245
26,16,0.5247
27,16,0.5245
28,16,0.5256
29,16,0.5254
30,16,0.5249
31,16,0.5249
32,16,0.5247
33,16,0.5247
34,16,0.5247
35,16,0.5243
36,16,0.5245
37,16,0.5247
38,16,0.5247
39,16,0.5243
8,17,0.524
9,17,0.524
10,17,0.522
11,17,0.5216
12,17,0.522
13,17,0.5229
14,17,0.5243
15,17,0.5245
16,17,0.5243
17,17,0.5243
18,17,0.5247
19,17,0.5247
20,17,0.5247
21,17,0.5245
22,17,0.5245
23,17,0.5247
24,17,0.5245
25,17,0.5247
26,17,0.5249
27,17,0.5247
28,17,0.5249
29,17,0.5247
30,17,0.5243
31,17,0.524
32,17,0.5238
33,17,0.524
34,17,0.524
35,17,0.5238
36,17,0.524
37,17,0.5243
38,17,0.5243
39,17,0.5238
8,18,0.5238
9,18,0.5231
10,18,0.5229
11,18,0.5222
12,18,0.5227
13,18,0.5234
14,18,0.5247
15,18,0.5247
16,18,0.524
17,18,0.5245
18,18,0.5249
19,18,0.5249
20,18,0.5252
21,18,0.5252
22,18,0.5254
23,18,0.5254
24,18,0.5249
25,18,0.5252
26,18,0.5254
27,18,0.5252
28,18,0.5243
29,18,0.524
30,18,0.5236
31,18,0.5236
32,18,0.5234
33,18,0.5236
34,18,0.5238
35,18,0.5238
36,18,0.524
37,18,0.5243
38,18,0.5243
39,18,0.5238
8,19,0.5247
9,19,0.5236
10,19,0.5222
11,19,0.522
12,19,0.5225
13,19,0.5231
14,19,0.5245
15,19,0.5245
16,19,0.524
17,19,0.5243
18,19,0.5247
19,19,0.5247
20,19,0.5249
21,19,0.5247
22,19,0.5249
23,19,0.5252
24,19,0.5249
25,19,0.5247
26,19,0.5249
27,19,0.5249
28,19,0.5243
29,19,0.524
30,19,0.5236
31,19,0.5236
32,19,0.5234
33,19,0.5236
34,19,0.5238
35,19,0.5238
36,19,0.524
37,19,0.5243
38,19,0.5243
39,19,0.5238
8,20,0.5247
9,20,0.5234
10,20,0.5218
11,20,0.5213
12,20,0.5218
13,20,0.5227
14,20,0.5238
15,20,0.5238
16,20,0.5234
17,20,0.5236
18,20,0.524
19,20,0.524
20,20,0.5243
21,20,0.524
22,20,0.5243
23,20,0.5245
24,20,0.5245
25,20,0.5243
26,20,0.5243
27,20,0.5243
28,20,0.5243
29,20,0.524
30,20,0.5236
31,20,0.5236
32,20,0.5231
33,20,0.5234
34,20,0.5236
35,20,0.5236
36,20,0.5238
37,20,0.524
38,20,0.524
39,20,0.5236
8,21,0.5243
9,21,0.5229
10,21,0.5213
11,21,0.5207
12,21,0.5209
13,21,0.522
14,21,0.524
15,21,0.5238
16,21,0.5234
17,21,0.5236
18,21,0.524
19,21,0.5238
20,21,0.524
21,21,0.5238
22,21,0.5238
23,21,0.5243
24,21,0.5243
25,21,0.5238
26,21,0.5238
27,21,0.524
28,21,0.5245
29,21,0.5243
30,21,0.5238
31,21,0.5238
32,21,0.5231
33,21,0.5234
34,21,0.5236
35,21,0.5236
36,21,0.5238
37,21,0.524
38,21,0.524
39,21,0.5236
8,22,0.524
9,22,0.5225
10,22,0.5213
11,22,0.5207
12,22,0.5209
13,22,0.5222
14,22,0.524
15,22,0.5238
16,22,0.5236
17,22,0.524
18,22,0.5245
19,22,0.5243
20,22,0.5245
21,22,0.5238
22,22,0.5238
23,22,0.5243
24,22,0.5243
25,22,0.5238
26,22,0.5238
27,22,0.524
28,22,0.5249
29,22,0.5245
30,22,0.524
31,22,0.524
32,22,0.5231
33,22,0.5234
34,22,0.5236
35,22,0.5231
36,22,0.5236
37,22,0.5238
38,22,0.5238
39,22,0.5234
8,23,0.5229
9,23,0.5229
10,23,0.5216
11,23,0.5209
12,23,0.5211
13,23,0.5225
14,23,0.5243
15,23,0.524
16,23,0.5231
17,23,0.5238
18,23,0.524
19,23,0.5238
20,23,0.524
21,23,0.5236
22,23,0.5236
23,23,0.524
24,23,0.524
25,23,0.5236
26,23,0.5238
27,23,0.5243
28,23,0.5247
29,23,0.5243
30,23,0.5238
31,23,0.5238
32,23,0.5229
33,23,0.5231
34,23,0.5231
35,23,0.5229
36,23,0.5234
37,23,0.5236
38,23,0.5236
39,23,0.5231
8,24,0.5234
9,24,0.5236
10,24,0.5211
11,24,0.5204
12,24,0.5204
13,24,0.5216
14,24,0.5229
15,24,0.5238
16,24,0.5234
17,24,0.524
18,24,0.5243
19,24,0.524
20,24,0.5243
21,24,0.5236
22,24,0.5236
23,24,0.5243
24,24,0.5243
25,24,0.5238
26,24,0.5238
27,24,0.5243
28,24,0.5245
29,24,0.524
30,24,0.5234
31,24,0.5234
32,24,0.5227
33,24,0.5229
34,24,0.5229
35,24,0.5231
36,24,0.5236
37,24,0.5238
38,24,0.5238
39,24,0.5234
8,25,0.5238
9,25,0.5227
10,25,0.5207
11,25,0.5204
12,25,0.5204
13,25,0.5216
14,25,0.5229
15,25,0.5238
16,25,0.5227
17,25,0.5234
18,25,0.5236
19,25,0.5238
20,25,0.524
21,25,0.5234
22,25,0.5234
23,25,0.524
24,25,0.5245
25,25,0.524
26,25,0.524
27,25,0.5245
28,25,0.5247
29,25,0.5243
30,25,0.5236
31,25,0.5236
32,25,0.5229
33,25,0.5231
34,25,0.5231
35,25,0.5234
36,25,0.5236
37,25,0.5238
38,25,0.5238
39,25,0.5234
8,26,0.5231
9,26,0.522
10,26,0.5211
11,26,0.5209
12,26,0.5207
13,26,0.5216
14,26,0.5229
15,26,0.5236
16,26,0.5229
17,26,0.5236
18,26,0.5238
19,26,0.524
20,26,0.5243
21,26,0.5236
22,26,0.5236
23,26,0.5243
24,26,0.5245
25,26,0.524
26,26,0.524
27,26,0.5245
28,26,0.5247
29,26,0.5245
30,26,0.5238
31,26,0.5238
32,26,0.5231
33,26,0.5234
34,26,0.5234
35,26,0.5231
36,26,0.5234
37,26,0.5238
38,26,0.5238
39,26,0.5234
8,27,0.5236
9,27,0.5222
10,27,0.5207
11,27,0.5209
12,27,0.5209
13,27,0.5216
14,27,0.5231
15,27,0.5238
16,27,0.5225
17,27,0.5227
18,27,0.5229
19,27,0.5231
20,27,0.5236
21,27,0.5229
22,27,0.5227
23,27,0.5234
24,27,0.5238
25,27,0.5234
26,27,0.5236
27,27,0.524
28,27,0.5245
29,27,0.5243
30,27,0.5236
31,27,0.5236
32,27,0.5229
33,27,0.5231
34,27,0.5231
35,27,0.5231
36,27,0.5234
37,27,0.5238
38,27,0.5238
39,27,0.5234
8,28,0.5234
9,28,0.5225
10,28,0.5209
11,28,0.5211
12,28,0.5211
13,28,0.5218
14,28,0.5234
15,28,0.5238
16,28,0.5225
17,28,0.5225
18,28,0.5227
19,28,0.5231
20,28,0.5238
21,28,0.5234
22,28,0.5229
23,28,0.5236
24,28,0.524
25,28,0.5236
26,28,0.5238
27,28,0.5243
28,28,0.5245
29,28,0.5243
30,28,0.5236
31,28,0.5234
32,28,0.5229
33,28,0.5231
34,28,0.5231
35,28,0.5229
36,28,0.5231
37,28,0.5236
38,28,0.5236
39,28,0.5234
8,29,0.5243
9,29,0.5227
10,29,0.5209
11,29,0.5209
12,29,0.5207
13,29,0.5213
14,29,0.5231
15,29,0.5236
16,29,0.5225
17,29,0.5225
18,29,0.5227
19,29,0.5231
20,29,0.524
21,29,0.5236
22,29,0.5231
23,29,0.5236
24,29,0.524
25,29,0.5236
26,29,0.5238
27,29,0.5243
28,29,0.5243
29,29,0.524
30,29,0.5234
31,29,0.5231
32,29,0.5227
33,29,0.5229
34,29,0.5229
35,29,0.5229
36,29,0.5231
37,29,0.5236
38,29,0.5236
39,29,0.5234
8,30,0.524
9,30,0.522
10,30,0.5207
11,30,0.5207
12,30,0.5209
13,30,0.5213
14,30,0.5231
15,30,0.5238
16,30,0.5227
17,30,0.5227
18,30,0.5229
19,30,0.5234
20,30,0.5243
21,30,0.5238
22,30,0.5234
23,30,0.5238
24,30,0.524
25,30,0.5236
26,30,0.5238
27,30,0.5243
28,30,0.524
29,30,0.5238
30,30,0.5234
31,30,0.5231
32,30,0.5229
33,30,0.5231
34,30,0.5231
35,30,0.5229
36,30,0.5231
37,30,0.5236
38,30,0.5236
39,30,0.5234
8,31,0.524
9,31,0.5213
10,31,0.5204
11,31,0.5198
12,31,0.5202
13,31,0.5211
14,31,0.5227
15,31,0.5234
16,31,0.5225
17,31,0.5225
18,31,0.5227
19,31,0.5229
20,31,0.5238
21,31,0.5236
22,31,0.5231
23,31,0.5236
24,31,0.5238
25,31,0.5234
26,31,0.5236
27,31,0.524
28,31,0.5238
29,31,0.5236
30,31,0.5234
31,31,0.5231
32,31,0.5229
33,31,0.5231
34,31,0.5231
35,31,0.5229
36,31,0.5231
37,31,0.5236
38,31,0.5236
39,31,0.5234
8,32,0.5236
9,32,0.5209
10,32,0.5218
11,32,0.5211
12,32,0.5209
13,32,0.5218
14,32,0.5229
15,32,0.5234
16,32,0.5222
17,32,0.5222
18,32,0.5225
19,32,0.5227
20,32,0.5238
21,32,0.5236
22,32,0.5231
23,32,0.5234
24,32,0.5236
25,32,0.5231
26,32,0.5238
27,32,0.5243
28,32,0.5238
29,32,0.5236
30,32,0.5234
31,32,0.5231
32,32,0.5229
33,32,0.5231
34,32,0.5231
35,32,0.5229
36,32,0.5231
37,32,0.5236
38,32,0.5236
39,32,0.5234
8,33,0.5229
9,33,0.5218
10,33,0.5225
11,33,0.5218
12,33,0.5216
13,33,0.522
14,33,0.5227
15,33,0.5231
16,33,0.5222
17,33,0.5222
18,33,0.5222
19,33,0.5225
20,33,0.5236
21,33,0.5234
22,33,0.5229
23,33,0.5231
24,33,0.5234
25,33,0.5229
26,33,0.5236
27,33,0.524
28,33,0.5238
29,33,0.5236
30,33,0.5234
31,33,0.5231
32,33,0.5229
33,33,0.5231
34,33,0.5231
35,33,0.5229
36,33,0.5231
37,33,0.5236
38,33,0.5236
39,33,0.5234
8,34,0.5236
9,34,0.5222
10,34,0.5229
11,34,0.5222
12,34,0.522
13,34,0.5222
14,34,0.5225
15,34,0.5227
16,34,0.522
17,34,0.5218
18,34,0.5218
19,34,0.522
20,34,0.5231
21,34,0.5229
22,34,0.5225
23,34,0.5227
24,34,0.5229
25,34,0.5227
26,34,0.5234
27,34,0.5238
28,34,0.5238
29,34,0.5236
30,34,0.5234
31,34,0.5231
32,34,0.5229
33,34,0.5231
34,34,0.5231
35,34,0.5229
36,34,0.5231
37,34,0.5236
38,34,0.5236
39,34,0.5234
8,35,0.524
9,35,0.5227
10,35,0.5225
11,35,0.522
12,35,0.5225
13,35,0.5222
14,35,0.5227
15,35,0.5227
16,35,0.5213
17,35,0.5213
18,35,0.5213
19,35,0.5213
20,35,0.5225
21,35,0.5222
22,35,0.522
23,35,0.5222
24,35,0.5227
25,35,0.5225
26,35,0.5231
27,35,0.5236
28,35,0.5238
29,35,0.5236
30,35,0.5234
31,35,0.5231
32,35,0.5229
33,35,0.5231
34,35,0.5231
35,35,0.5229
36,35,0.5229
37,35,0.5234
38,35,0.5234
39,35,0.5231
8,36,0.5243
9,36,0.522
10,36,0.5225
11,36,0.522
12,36,0.5222
13,36,0.522
14,36,0.522
15,36,0.522
16,36,0.5213
17,36,0.5213
18,36,0.5209
19,36,0.5209
20,36,0.522
21,36,0.5218
22,36,0.5216
23,36,0.5218
24,36,0.5225
25,36,0.5222
26,36,0.5229
27,36,0.5234
28,36,0.524
29,36,0.5238
30,36,0.5236
31,36,0.5234
32,36,0.5231
33,36,0.5234
34,36,0.5234
35,36,0.5229
36,36,0.5229
37,36,0.5234
38,36,0.5234
39,36,0.5231
8,37,0.5234
9,37,0.522
10,37,0.5222
11,37,0.5218
12,37,0.5211
13,37,0.5211
14,37,0.5218
15,37,0.522
16,37,0.522
17,37,0.5218
18,37,0.5211
19,37,0.5211
20,37,0.5222
21,37,0.522
22,37,0.5216
23,37,0.5218
24,37,0.5225
25,37,0.5222
26,37,0.5229
27,37,0.5234
28,37,0.524
29,37,0.5238
30,37,0.5236
31,37,0.5234
32,37,0.5231
33,37,0.5234
34,37,0.5234
35,37,0.5227
36,37,0.5227
37,37,0.5231
38,37,0.5231
39,37,0.5229
8,38,0.5236
9,38,0.5222
10,38,0.5216
11,38,0.5207
12,38,0.52
13,38,0.5204
14,38,0.5211
15,38,0.5213
16,38,0.5216
17,38,0.5213
18,38,0.5207
19,38,0.5209
20,38,0.5218
21,38,0.5218
22,38,0.5213
23,38,0.5216
24,38,0.5225
25,38,0.5222
26,38,0.5229
27,38,0.5234
28,38,0.5238
29,38,0.5236
30,38,0.5234
31,38,0.5231
32,38,0.5229
33,38,0.5231
34,38,0.5231
35,38,0.5225
36,38,0.5225
37,38,0.5229
38,38,0.5229
39,38,0.5227
8,39,0.5238
9,39,0.5218
10,39,0.5213
11,39,0.5204
12,39,0.52
13,39,0.5202
14,39,0.5213
15,39,0.5216
16,39,0.5213
17,39,0.5211
18,39,0.5207
19,39,0.5209
20,39,0.5218
21,39,0.5218
22,39,0.5213
23,39,0.5216
24,39,0.5225
25,39,0.5222
26,39,0.5229
27,39,0.5234
28,39,0.5238
29,39,0.5236
30,39,0.5234
31,39,0.5231
32,39,0.5229
33,39,0.5231
34,39,0.5231
35,39,0.5222
36,39,0.5222
37,39,0.5227
38,39,0.5227
39,39,0.5225
